1.0000000000 0.0000000000 0.0000000000 0.0000000000 0.0000000000 1.0000000000 0.0000000000 0.0000000000 0.0000000000 0.0000000000 1.0000000000 0.0000000000
1.0000000000 0.0000000000 0.0000000000 0.0000000000 0.0000000000 1.0000000000 0.0000000000 0.0000000000 0.0000000000 0.0000000000 1.0000000000 0.0000000000
1.0000000000 0.0000000000 0.0000000000 0.0000000000 0.0000000000 1.0000000000 0.0000000000 0.0000000000 0.0000000000 0.0000000000 1.0000000000 0.0000000000
1.0000000000 0.0000000000 0.0000000000 0.0000000000 0.0000000000 1.0000000000 0.0000000000 0.0000000000 0.0000000000 0.0000000000 1.0000000000 0.0000000000
1.0000000000 0.0000000000 0.0000000000 0.0000000000 0.0000000000 1.0000000000 0.0000000000 0.0000000000 0.0000000000 0.0000000000 1.0000000000 0.0000000000
1.0000000000 0.0000000000 0.0000000000 0.0000000000 0.0000000000 1.0000000000 0.0000000000 0.0000000000 0.0000000000 0.0000000000 1.0000000000 0.0000000000
1.0000000000 0.0000000000 0.0000000000 0.0000000000 0.0000000000 1.0000000000 0.0000000000 0.0000000000 0.0000000000 0.0000000000 1.0000000000 0.0000000000
1.0000000000 0.0000000000 0.0000000000 0.0001373244 0.0000000000 1.0000000000 0.0000000000 0.0000000000 0.0000000000 0.0000000000 1.0000000000 0.0000000000
1.0000000000 0.0000000000 0.0000000000 0.0001373244 0.0000000000 1.0000000000 0.0000000000 0.0000000000 0.0000000000 0.0000000000 1.0000000000 0.0000000000
1.0000000000 0.0000000000 0.0000000000 0.0008874732 0.0000000000 1.0000000000 0.0000000000 0.0000000000 0.0000000000 0.0000000000 1.0000000000 0.0000000000
1.0000000000 0.0000000000 0.0000000000 0.0008874732 0.0000000000 1.0000000000 0.0000000000 0.0000000000 0.0000000000 0.0000000000 1.0000000000 0.0000000000
1.0000000000 0.0000000000 0.0000000000 0.0008874732 0.0000000000 1.0000000000 0.0000000000 0.0000000000 0.0000000000 0.0000000000 1.0000000000 0.0000000000
0.9999999960 0.0000899474 -0.0000000000 0.0025886220 -0.0000899474 0.9999999960 0.0000000000 -0.0000000533 0.0000000000 0.0000000000 1.0000000000 0.0000000000
0.9999999960 0.0000899474 -0.0000000000 0.0025886220 -0.0000899474 0.9999999960 0.0000000000 -0.0000000533 0.0000000000 0.0000000000 1.0000000000 0.0000000000
0.9999998830 0.0004838149 -0.0000000000 0.0052407705 -0.0004838149 0.9999998830 0.0000000000 -0.0000007573 0.0000000000 0.0000000000 1.0000000000 0.0000000000
0.9999998830 0.0004838149 -0.0000000000 0.0052407705 -0.0004838149 0.9999998830 0.0000000000 -0.0000007573 0.0000000000 0.0000000000 1.0000000000 0.0000000000
0.9999998830 0.0004838149 -0.0000000000 0.0052407705 -0.0004838149 0.9999998830 0.0000000000 -0.0000007573 0.0000000000 0.0000000000 1.0000000000 0.0000000000
0.9999990664 0.0013664400 -0.0000000000 0.0088439183 -0.0013664400 0.9999990664 0.0000000000 -0.0000039846 0.0000000000 0.0000000000 1.0000000000 0.0000000000
0.9999990664 0.0013664400 -0.0000000000 0.0088439183 -0.0013664400 0.9999990664 0.0000000000 -0.0000039846 0.0000000000 0.0000000000 1.0000000000 0.0000000000
0.9999969629 0.0024645939 -0.0000000000 0.0133980578 -0.0024645939 0.9999969629 0.0000000000 -0.0000128761 0.0000000000 0.0000000000 1.0000000000 0.0000000000
0.9999969629 0.0024645939 -0.0000000000 0.0133980578 -0.0024645939 0.9999969629 0.0000000000 -0.0000128761 0.0000000000 0.0000000000 1.0000000000 0.0000000000
0.9999969629 0.0024645939 -0.0000000000 0.0133980578 -0.0024645939 0.9999969629 0.0000000000 -0.0000128761 0.0000000000 0.0000000000 1.0000000000 0.0000000000
0.9999949337 0.0031831846 -0.0000000000 0.0189018510 -0.0031831846 0.9999949337 0.0000000000 -0.0001224349 0.0000000000 0.0000000000 1.0000000000 0.0000000000
0.9999949337 0.0031831846 -0.0000000000 0.0189018510 -0.0031831846 0.9999949337 0.0000000000 -0.0001224349 0.0000000000 0.0000000000 1.0000000000 0.0000000000
0.9999895888 0.0045631409 -0.0000000000 0.0253542159 -0.0045631409 0.9999895888 0.0000000000 -0.0003397978 0.0000000000 0.0000000000 1.0000000000 0.0000000000
0.9999895888 0.0045631409 -0.0000000000 0.0253542159 -0.0045631409 0.9999895888 0.0000000000 -0.0003397978 0.0000000000 0.0000000000 1.0000000000 0.0000000000
0.9999895888 0.0045631409 -0.0000000000 0.0253542159 -0.0045631409 0.9999895888 0.0000000000 -0.0003397978 0.0000000000 0.0000000000 1.0000000000 0.0000000000
0.9999787411 0.0065205271 -0.0000000000 0.0327536054 -0.0065205271 0.9999787411 0.0000000000 -0.0006778908 0.0000000000 0.0000000000 1.0000000000 0.0000000000
0.9999787411 0.0065205271 -0.0000000000 0.0327536054 -0.0065205271 0.9999787411 0.0000000000 -0.0006778908 0.0000000000 0.0000000000 1.0000000000 0.0000000000
0.9999619375 0.0087248808 -0.0000000000 0.0411006995 -0.0087248808 0.9999619375 0.0000000000 -0.0011073285 0.0000000000 0.0000000000 1.0000000000 0.0000000000
0.9999619375 0.0087248808 -0.0000000000 0.0411006995 -0.0087248808 0.9999619375 0.0000000000 -0.0011073285 0.0000000000 0.0000000000 1.0000000000 0.0000000000
0.9999619375 0.0087248808 -0.0000000000 0.0411006995 -0.0087248808 0.9999619375 0.0000000000 -0.0011073285 0.0000000000 0.0000000000 1.0000000000 0.0000000000
0.9999335717 0.0115261546 -0.0000000000 0.0503938831 -0.0115261546 0.9999335717 0.0000000000 -0.0016517454 0.0000000000 0.0000000000 1.0000000000 0.0000000000
0.9999335717 0.0115261546 -0.0000000000 0.0503938831 -0.0115261546 0.9999335717 0.0000000000 -0.0016517454 0.0000000000 0.0000000000 1.0000000000 0.0000000000
0.9998875067 0.0149991292 -0.0000000000 0.0606309474 -0.0149991292 0.9998875067 0.0000000000 -0.0023393065 0.0000000000 0.0000000000 1.0000000000 0.0000000000
0.9998875067 0.0149991292 -0.0000000000 0.0606309474 -0.0149991292 0.9998875067 0.0000000000 -0.0023393065 0.0000000000 0.0000000000 1.0000000000 0.0000000000
0.9998875067 0.0149991292 -0.0000000000 0.0606309474 -0.0149991292 0.9998875067 0.0000000000 -0.0023393065 0.0000000000 0.0000000000 1.0000000000 0.0000000000
0.9998228262 0.0188232907 -0.0000000000 0.0718126521 -0.0188232907 0.9998228262 0.0000000000 -0.0031510841 0.0000000000 0.0000000000 1.0000000000 0.0000000000
0.9998228262 0.0188232907 -0.0000000000 0.0718126521 -0.0188232907 0.9998228262 0.0000000000 -0.0031510841 0.0000000000 0.0000000000 1.0000000000 0.0000000000
0.9997315917 0.0231677465 -0.0000000000 0.0839250237 -0.0231677465 0.9997315917 0.0000000000 -0.0041015935 0.0000000000 0.0000000000 1.0000000000 0.0000000000
0.9997315917 0.0231677465 -0.0000000000 0.0839250237 -0.0231677465 0.9997315917 0.0000000000 -0.0041015935 0.0000000000 0.0000000000 1.0000000000 0.0000000000
0.9997315917 0.0231677465 -0.0000000000 0.0839250237 -0.0231677465 0.9997315917 0.0000000000 -0.0041015935 0.0000000000 0.0000000000 1.0000000000 0.0000000000
0.9996139917 0.0277825047 -0.0000000000 0.0969432145 -0.0277825047 0.9996139917 0.0000000000 -0.0051777167 0.0000000000 0.0000000000 1.0000000000 0.0000000000
0.9996139917 0.0277825047 -0.0000000000 0.0969432145 -0.0277825047 0.9996139917 0.0000000000 -0.0051777167 0.0000000000 0.0000000000 1.0000000000 0.0000000000
0.9994599360 0.0328608630 -0.0000000000 0.1108308285 -0.0328608630 0.9994599360 0.0000000000 -0.0063988208 0.0000000000 0.0000000000 1.0000000000 0.0000000000
0.9994599360 0.0328608630 -0.0000000000 0.1108308285 -0.0328608630 0.9994599360 0.0000000000 -0.0063988208 0.0000000000 0.0000000000 1.0000000000 0.0000000000
0.9994599360 0.0328608630 -0.0000000000 0.1108308285 -0.0328608630 0.9994599360 0.0000000000 -0.0063988208 0.0000000000 0.0000000000 1.0000000000 0.0000000000
0.9992717715 0.0381566064 -0.0000000000 0.1255556643 -0.0381566064 0.9992717715 0.0000000000 -0.0077537275 0.0000000000 0.0000000000 1.0000000000 0.0000000000
0.9992717715 0.0381566064 -0.0000000000 0.1255556643 -0.0381566064 0.9992717715 0.0000000000 -0.0077537275 0.0000000000 0.0000000000 1.0000000000 0.0000000000
0.9990370799 0.0438738294 -0.0000000000 0.1410840154 -0.0438738294 0.9990370799 0.0000000000 -0.0092650522 0.0000000000 0.0000000000 1.0000000000 0.0000000000
0.9990370799 0.0438738294 -0.0000000000 0.1410840154 -0.0438738294 0.9990370799 0.0000000000 -0.0092650522 0.0000000000 0.0000000000 1.0000000000 0.0000000000
0.9990370799 0.0438738294 -0.0000000000 0.1410840154 -0.0438738294 0.9990370799 0.0000000000 -0.0092650522 0.0000000000 0.0000000000 1.0000000000 0.0000000000
0.9987609372 0.0497653517 -0.0000000000 0.1573866755 -0.0497653517 0.9987609372 0.0000000000 -0.0109223947 0.0000000000 0.0000000000 1.0000000000 0.0000000000
0.9987609372 0.0497653517 -0.0000000000 0.1573866755 -0.0497653517 0.9987609372 0.0000000000 -0.0109223947 0.0000000000 0.0000000000 1.0000000000 0.0000000000
0.9984171569 0.0562421621 -0.0000000000 0.1744303256 -0.0562421621 0.9984171569 0.0000000000 -0.0127683962 0.0000000000 0.0000000000 1.0000000000 0.0000000000
0.9984171569 0.0562421621 -0.0000000000 0.1744303256 -0.0562421621 0.9984171569 0.0000000000 -0.0127683962 0.0000000000 0.0000000000 1.0000000000 0.0000000000
0.9984171569 0.0562421621 -0.0000000000 0.1744303256 -0.0562421621 0.9984171569 0.0000000000 -0.0127683962 0.0000000000 0.0000000000 1.0000000000 0.0000000000
0.9979819347 0.0634984883 -0.0000000000 0.1921823025 -0.0634984883 0.9979819347 0.0000000000 -0.0148453405 0.0000000000 0.0000000000 1.0000000000 0.0000000000
0.9979819347 0.0634984883 -0.0000000000 0.1921823025 -0.0634984883 0.9979819347 0.0000000000 -0.0148453405 0.0000000000 0.0000000000 1.0000000000 0.0000000000
0.9974657260 0.0711486147 -0.0000000000 0.2106171250 -0.0711486147 0.9974657260 0.0000000000 -0.0171403438 0.0000000000 0.0000000000 1.0000000000 0.0000000000
0.9974657260 0.0711486147 -0.0000000000 0.2106171250 -0.0711486147 0.9974657260 0.0000000000 -0.0171403438 0.0000000000 0.0000000000 1.0000000000 0.0000000000
0.9974657260 0.0711486147 -0.0000000000 0.2106171250 -0.0711486147 0.9974657260 0.0000000000 -0.0171403438 0.0000000000 0.0000000000 1.0000000000 0.0000000000
0.9968475176 0.0793412041 -0.0000000000 0.2297059745 -0.0793412041 0.9968475176 0.0000000000 -0.0196777675 0.0000000000 0.0000000000 1.0000000000 0.0000000000
0.9968475176 0.0793412041 -0.0000000000 0.2297059745 -0.0793412041 0.9968475176 0.0000000000 -0.0196777675 0.0000000000 0.0000000000 1.0000000000 0.0000000000
0.9961402038 0.0877763888 -0.0000000000 0.2494257838 -0.0877763888 0.9961402038 0.0000000000 -0.0224454962 0.0000000000 0.0000000000 1.0000000000 0.0000000000
0.9961402038 0.0877763888 -0.0000000000 0.2494257838 -0.0877763888 0.9961402038 0.0000000000 -0.0224454962 0.0000000000 0.0000000000 1.0000000000 0.0000000000
0.9961402038 0.0877763888 -0.0000000000 0.2494257838 -0.0877763888 0.9961402038 0.0000000000 -0.0224454962 0.0000000000 0.0000000000 1.0000000000 0.0000000000
0.9953176468 0.0966580668 -0.0000000000 0.2697491944 -0.0966580668 0.9953176468 0.0000000000 -0.0254701246 0.0000000000 0.0000000000 1.0000000000 0.0000000000
0.9953176468 0.0966580668 -0.0000000000 0.2697491944 -0.0966580668 0.9953176468 0.0000000000 -0.0254701246 0.0000000000 0.0000000000 1.0000000000 0.0000000000
0.9943972168 0.1057079717 -0.0000000000 0.2906552553 -0.1057079717 0.9943972168 0.0000000000 -0.0287405588 0.0000000000 0.0000000000 1.0000000000 0.0000000000
0.9943972168 0.1057079717 -0.0000000000 0.2906552553 -0.1057079717 0.9943972168 0.0000000000 -0.0287405588 0.0000000000 0.0000000000 1.0000000000 0.0000000000
0.9943972168 0.1057079717 -0.0000000000 0.2906552553 -0.1057079717 0.9943972168 0.0000000000 -0.0287405588 0.0000000000 0.0000000000 1.0000000000 0.0000000000
0.9933478567 0.1151522280 -0.0000000000 0.3121177554 -0.1151522280 0.9933478567 0.0000000000 -0.0322850980 0.0000000000 0.0000000000 1.0000000000 0.0000000000
0.9933478567 0.1151522280 -0.0000000000 0.3121177554 -0.1151522280 0.9933478567 0.0000000000 -0.0322850980 0.0000000000 0.0000000000 1.0000000000 0.0000000000
0.9922204416 0.1244933541 -0.0000000000 0.3341210485 -0.1244933541 0.9922204416 0.0000000000 -0.0360734425 0.0000000000 0.0000000000 1.0000000000 0.0000000000
0.9922204416 0.1244933541 -0.0000000000 0.3341210485 -0.1244933541 0.9922204416 0.0000000000 -0.0360734425 0.0000000000 0.0000000000 1.0000000000 0.0000000000
0.9922204416 0.1244933541 -0.0000000000 0.3341210485 -0.1244933541 0.9922204416 0.0000000000 -0.0360734425 0.0000000000 0.0000000000 1.0000000000 0.0000000000
0.9910560378 0.1334463561 -0.0000000000 0.3566505313 -0.1334463561 0.9910560378 0.0000000000 -0.0400776118 0.0000000000 0.0000000000 1.0000000000 0.0000000000
0.9910560378 0.1334463561 -0.0000000000 0.3566505313 -0.1334463561 0.9910560378 0.0000000000 -0.0400776118 0.0000000000 0.0000000000 1.0000000000 0.0000000000
0.9898071163 0.1424144393 -0.0000000000 0.3796820641 -0.1424144393 0.9898071163 0.0000000000 -0.0443293154 0.0000000000 0.0000000000 1.0000000000 0.0000000000
0.9898071163 0.1424144393 -0.0000000000 0.3796820641 -0.1424144393 0.9898071163 0.0000000000 -0.0443293154 0.0000000000 0.0000000000 1.0000000000 0.0000000000
0.9898071163 0.1424144393 -0.0000000000 0.3796820641 -0.1424144393 0.9898071163 0.0000000000 -0.0443293154 0.0000000000 0.0000000000 1.0000000000 0.0000000000
0.9884991926 0.1512261427 -0.0000000000 0.4031995535 -0.1512261427 0.9884991926 0.0000000000 -0.0488193743 0.0000000000 0.0000000000 1.0000000000 0.0000000000
0.9884991926 0.1512261427 -0.0000000000 0.4031995535 -0.1512261427 0.9884991926 0.0000000000 -0.0488193743 0.0000000000 0.0000000000 1.0000000000 0.0000000000
0.9870851108 0.1601967042 -0.0000000000 0.4271799028 -0.1601967042 0.9870851108 0.0000000000 -0.0535786785 0.0000000000 0.0000000000 1.0000000000 0.0000000000
0.9870851108 0.1601967042 -0.0000000000 0.4271799028 -0.1601967042 0.9870851108 0.0000000000 -0.0535786785 0.0000000000 0.0000000000 1.0000000000 0.0000000000
0.9870851108 0.1601967042 -0.0000000000 0.4271799028 -0.1601967042 0.9870851108 0.0000000000 -0.0535786785 0.0000000000 0.0000000000 1.0000000000 0.0000000000
0.9855999460 0.1690938981 -0.0000000000 0.4516087770 -0.1690938981 0.9855999460 0.0000000000 -0.0585965626 0.0000000000 0.0000000000 1.0000000000 0.0000000000
0.9855999460 0.1690938981 -0.0000000000 0.4516087770 -0.1690938981 0.9855999460 0.0000000000 -0.0585965626 0.0000000000 0.0000000000 1.0000000000 0.0000000000
0.9839934857 0.1782044334 -0.0000000000 0.4764639735 -0.1782044334 0.9839934857 0.0000000000 -0.0639031529 0.0000000000 0.0000000000 1.0000000000 0.0000000000
0.9839934857 0.1782044334 -0.0000000000 0.4764639735 -0.1782044334 0.9839934857 0.0000000000 -0.0639031529 0.0000000000 0.0000000000 1.0000000000 0.0000000000
0.9839934857 0.1782044334 -0.0000000000 0.4764639735 -0.1782044334 0.9839934857 0.0000000000 -0.0639031529 0.0000000000 0.0000000000 1.0000000000 0.0000000000
0.9823081710 0.1872716136 -0.0000000000 0.5017327070 -0.1872716136 0.9823081710 0.0000000000 -0.0694865808 0.0000000000 0.0000000000 1.0000000000 0.0000000000
0.9823081710 0.1872716136 -0.0000000000 0.5017327070 -0.1872716136 0.9823081710 0.0000000000 -0.0694865808 0.0000000000 0.0000000000 1.0000000000 0.0000000000
0.9804897539 0.1965701972 -0.0000000000 0.5273936391 -0.1965701972 0.9804897539 0.0000000000 -0.0753764436 0.0000000000 0.0000000000 1.0000000000 0.0000000000
0.9804897539 0.1965701972 -0.0000000000 0.5273936391 -0.1965701972 0.9804897539 0.0000000000 -0.0753764436 0.0000000000 0.0000000000 1.0000000000 0.0000000000
0.9804897539 0.1965701972 -0.0000000000 0.5273936391 -0.1965701972 0.9804897539 0.0000000000 -0.0753764436 0.0000000000 0.0000000000 1.0000000000 0.0000000000
0.9786381533 0.2055902841 -0.0000000000 0.5534402132 -0.2055902841 0.9786381533 0.0000000000 -0.0815392360 0.0000000000 0.0000000000 1.0000000000 0.0000000000
0.9786381533 0.2055902841 -0.0000000000 0.5534402132 -0.2055902841 0.9786381533 0.0000000000 -0.0815392360 0.0000000000 0.0000000000 1.0000000000 0.0000000000
0.9768283479 0.2140242479 -0.0000000000 0.5798667669 -0.2140242479 0.9768283479 0.0000000000 -0.0879436061 0.0000000000 0.0000000000 1.0000000000 0.0000000000
0.9768283479 0.2140242479 -0.0000000000 0.5798667669 -0.2140242479 0.9768283479 0.0000000000 -0.0879436061 0.0000000000 0.0000000000 1.0000000000 0.0000000000
0.9768283479 0.2140242479 -0.0000000000 0.5798667669 -0.2140242479 0.9768283479 0.0000000000 -0.0879436061 0.0000000000 0.0000000000 1.0000000000 0.0000000000
0.9749759741 0.2223102559 -0.0000000000 0.6066532135 -0.2223102559 0.9749759741 0.0000000000 -0.0946205109 0.0000000000 0.0000000000 1.0000000000 0.0000000000
0.9749759741 0.2223102559 -0.0000000000 0.6066532135 -0.2223102559 0.9749759741 0.0000000000 -0.0946205109 0.0000000000 0.0000000000 1.0000000000 0.0000000000
0.9731219901 0.2302902350 -0.0000000000 0.6337907314 -0.2302902350 0.9731219901 0.0000000000 -0.1015567705 0.0000000000 0.0000000000 1.0000000000 0.0000000000
0.9731219901 0.2302902350 -0.0000000000 0.6337907314 -0.2302902350 0.9731219901 0.0000000000 -0.1015567705 0.0000000000 0.0000000000 1.0000000000 0.0000000000
0.9731219901 0.2302902350 -0.0000000000 0.6337907314 -0.2302902350 0.9731219901 0.0000000000 -0.1015567705 0.0000000000 0.0000000000 1.0000000000 0.0000000000
0.9711888309 0.2383112562 -0.0000000000 0.6612602472 -0.2383112562 0.9711888309 0.0000000000 -0.1087812558 0.0000000000 0.0000000000 1.0000000000 0.0000000000
0.9711888309 0.2383112562 -0.0000000000 0.6612602472 -0.2383112562 0.9711888309 0.0000000000 -0.1087812558 0.0000000000 0.0000000000 1.0000000000 0.0000000000
0.9692313582 0.2461515271 -0.0000000000 0.6890543699 -0.2461515271 0.9692313582 0.0000000000 -0.1162789240 0.0000000000 0.0000000000 1.0000000000 0.0000000000
0.9692313582 0.2461515271 -0.0000000000 0.6890543699 -0.2461515271 0.9692313582 0.0000000000 -0.1162789240 0.0000000000 0.0000000000 1.0000000000 0.0000000000
0.9692313582 0.2461515271 -0.0000000000 0.6890543699 -0.2461515271 0.9692313582 0.0000000000 -0.1162789240 0.0000000000 0.0000000000 1.0000000000 0.0000000000
0.9671732824 0.2541177715 -0.0000000000 0.7171547413 -0.2541177715 0.9671732824 0.0000000000 -0.1240775511 0.0000000000 0.0000000000 1.0000000000 0.0000000000
0.9671732824 0.2541177715 -0.0000000000 0.7171547413 -0.2541177715 0.9671732824 0.0000000000 -0.1240775511 0.0000000000 0.0000000000 1.0000000000 0.0000000000
0.9650789676 0.2619591311 -0.0000000000 0.7455552816 -0.2619591311 0.9650789676 0.0000000000 -0.1321610659 0.0000000000 0.0000000000 1.0000000000 0.0000000000
0.9650789676 0.2619591311 -0.0000000000 0.7455552816 -0.2619591311 0.9650789676 0.0000000000 -0.1321610659 0.0000000000 0.0000000000 1.0000000000 0.0000000000
0.9650789676 0.2619591311 -0.0000000000 0.7455552816 -0.2619591311 0.9650789676 0.0000000000 -0.1321610659 0.0000000000 0.0000000000 1.0000000000 0.0000000000
0.9628703778 0.2699641376 -0.0000000000 0.7742379308 -0.2699641376 0.9628703778 0.0000000000 -0.1405566931 0.0000000000 0.0000000000 1.0000000000 0.0000000000
0.9628703778 0.2699641376 -0.0000000000 0.7742379308 -0.2699641376 0.9628703778 0.0000000000 -0.1405566931 0.0000000000 0.0000000000 1.0000000000 0.0000000000
0.9606195085 0.2778671622 -0.0000000000 0.8031976819 -0.2778671622 0.9606195085 0.0000000000 -0.1492477357 0.0000000000 0.0000000000 1.0000000000 0.0000000000
0.9606195085 0.2778671622 -0.0000000000 0.8031976819 -0.2778671622 0.9606195085 0.0000000000 -0.1492477357 0.0000000000 0.0000000000 1.0000000000 0.0000000000
0.9606195085 0.2778671622 -0.0000000000 0.8031976819 -0.2778671622 0.9606195085 0.0000000000 -0.1492477357 0.0000000000 0.0000000000 1.0000000000 0.0000000000
0.9582447545 0.2859492794 -0.0000000000 0.8324169517 -0.2859492794 0.9582447545 0.0000000000 -0.1582611352 0.0000000000 0.0000000000 1.0000000000 0.0000000000
0.9582447545 0.2859492794 -0.0000000000 0.8324169517 -0.2859492794 0.9582447545 0.0000000000 -0.1582611352 0.0000000000 0.0000000000 1.0000000000 0.0000000000
0.9559026077 0.2936838514 -0.0000000000 0.8618984818 -0.2936838514 0.9559026077 0.0000000000 -0.1675583273 0.0000000000 0.0000000000 1.0000000000 0.0000000000
0.9559026077 0.2936838514 -0.0000000000 0.8618984818 -0.2936838514 0.9559026077 0.0000000000 -0.1675583273 0.0000000000 0.0000000000 1.0000000000 0.0000000000
0.9559026077 0.2936838514 -0.0000000000 0.8618984818 -0.2936838514 0.9559026077 0.0000000000 -0.1675583273 0.0000000000 0.0000000000 1.0000000000 0.0000000000
0.9537082029 0.3007335426 -0.0000000000 0.8916452527 -0.3007335426 0.9537082029 0.0000000000 -0.1771037430 0.0000000000 0.0000000000 1.0000000000 0.0000000000
0.9537082029 0.3007335426 -0.0000000000 0.8916452527 -0.3007335426 0.9537082029 0.0000000000 -0.1771037430 0.0000000000 0.0000000000 1.0000000000 0.0000000000
0.9515323721 0.3075486057 -0.0000000000 0.9216402173 -0.3075486057 0.9515323721 0.0000000000 -0.1869255900 0.0000000000 0.0000000000 1.0000000000 0.0000000000
0.9515323721 0.3075486057 -0.0000000000 0.9216402173 -0.3075486057 0.9515323721 0.0000000000 -0.1869255900 0.0000000000 0.0000000000 1.0000000000 0.0000000000
0.9515323721 0.3075486057 -0.0000000000 0.9216402173 -0.3075486057 0.9515323721 0.0000000000 -0.1869255900 0.0000000000 0.0000000000 1.0000000000 0.0000000000
0.9494329277 0.3139699282 -0.0000000000 0.9518815279 -0.3139699282 0.9494329277 0.0000000000 -0.1970064640 0.0000000000 0.0000000000 1.0000000000 0.0000000000
0.9494329277 0.3139699282 -0.0000000000 0.9518815279 -0.3139699282 0.9494329277 0.0000000000 -0.1970064640 0.0000000000 0.0000000000 1.0000000000 0.0000000000
0.9472948859 0.3203629180 -0.0000000000 0.9823532104 -0.3203629180 0.9472948859 0.0000000000 -0.2073719501 0.0000000000 0.0000000000 1.0000000000 0.0000000000
0.9472948859 0.3203629180 -0.0000000000 0.9823532104 -0.3203629180 0.9472948859 0.0000000000 -0.2073719501 0.0000000000 0.0000000000 1.0000000000 0.0000000000
0.9472948859 0.3203629180 -0.0000000000 0.9823532104 -0.3203629180 0.9472948859 0.0000000000 -0.2073719501 0.0000000000 0.0000000000 1.0000000000 0.0000000000
0.9451946300 0.3265074447 -0.0000000000 1.0130547285 -0.3265074447 0.9451946300 0.0000000000 -0.2180029154 0.0000000000 0.0000000000 1.0000000000 0.0000000000
0.9451946300 0.3265074447 -0.0000000000 1.0130547285 -0.3265074447 0.9451946300 0.0000000000 -0.2180029154 0.0000000000 0.0000000000 1.0000000000 0.0000000000
0.9430235849 0.3327258906 -0.0000000000 1.0439707041 -0.3327258906 0.9430235849 0.0000000000 -0.2289239019 0.0000000000 0.0000000000 1.0000000000 0.0000000000
0.9430235849 0.3327258906 -0.0000000000 1.0439707041 -0.3327258906 0.9430235849 0.0000000000 -0.2289239019 0.0000000000 0.0000000000 1.0000000000 0.0000000000
0.9430235849 0.3327258906 -0.0000000000 1.0439707041 -0.3327258906 0.9430235849 0.0000000000 -0.2289239019 0.0000000000 0.0000000000 1.0000000000 0.0000000000
0.9408699580 0.3387679473 -0.0000000000 1.0751013756 -0.3387679473 0.9408699580 0.0000000000 -0.2401151061 0.0000000000 0.0000000000 1.0000000000 0.0000000000
0.9408699580 0.3387679473 -0.0000000000 1.0751013756 -0.3387679473 0.9408699580 0.0000000000 -0.2401151061 0.0000000000 0.0000000000 1.0000000000 0.0000000000
0.9386269705 0.3449339216 -0.0000000000 1.1064316034 -0.3449339216 0.9386269705 0.0000000000 -0.2516007423 0.0000000000 0.0000000000 1.0000000000 0.0000000000
0.9386269705 0.3449339216 -0.0000000000 1.1064316034 -0.3449339216 0.9386269705 0.0000000000 -0.2516007423 0.0000000000 0.0000000000 1.0000000000 0.0000000000
0.9363912782 0.3509577954 -0.0000000000 1.1379625797 -0.3509577954 0.9363912782 0.0000000000 -0.2633608580 0.0000000000 0.0000000000 1.0000000000 0.0000000000
0.9363912782 0.3509577954 -0.0000000000 1.1379625797 -0.3509577954 0.9363912782 0.0000000000 -0.2633608580 0.0000000000 0.0000000000 1.0000000000 0.0000000000
0.9340552948 0.3571284170 -0.0000000000 1.1696791649 -0.3571284170 0.9340552948 0.0000000000 -0.2754195631 0.0000000000 0.0000000000 1.0000000000 0.0000000000
0.9340552948 0.3571284170 -0.0000000000 1.1696791649 -0.3571284170 0.9340552948 0.0000000000 -0.2754195631 0.0000000000 0.0000000000 1.0000000000 0.0000000000
0.9340552948 0.3571284170 -0.0000000000 1.1696791649 -0.3571284170 0.9340552948 0.0000000000 -0.2754195631 0.0000000000 0.0000000000 1.0000000000 0.0000000000
0.9317221221 0.3631719801 -0.0000000000 1.2015832663 -0.3631719801 0.9317221221 0.0000000000 -0.2877569795 0.0000000000 0.0000000000 1.0000000000 0.0000000000
0.9317221221 0.3631719801 -0.0000000000 1.2015832663 -0.3631719801 0.9317221221 0.0000000000 -0.2877569795 0.0000000000 0.0000000000 1.0000000000 0.0000000000
0.9292813478 0.3693726798 -0.0000000000 1.2336596251 -0.3693726798 0.9292813478 0.0000000000 -0.3003972769 0.0000000000 0.0000000000 1.0000000000 0.0000000000
0.9292813478 0.3693726798 -0.0000000000 1.2336596251 -0.3693726798 0.9292813478 0.0000000000 -0.3003972769 0.0000000000 0.0000000000 1.0000000000 0.0000000000
0.9292813478 0.3693726798 -0.0000000000 1.2336596251 -0.3693726798 0.9292813478 0.0000000000 -0.3003972769 0.0000000000 0.0000000000 1.0000000000 0.0000000000
0.9269453665 0.3751963320 -0.0000000000 1.2659193277 -0.3751963320 0.9269453665 0.0000000000 -0.3132990897 0.0000000000 0.0000000000 1.0000000000 0.0000000000
0.9269453665 0.3751963320 -0.0000000000 1.2659193277 -0.3751963320 0.9269453665 0.0000000000 -0.3132990897 0.0000000000 0.0000000000 1.0000000000 0.0000000000
0.9248672940 0.3802900058 -0.0000000000 1.2983732224 -0.3802900058 0.9248672940 0.0000000000 -0.3264239132 0.0000000000 0.0000000000 1.0000000000 0.0000000000
0.9248672940 0.3802900058 -0.0000000000 1.2983732224 -0.3802900058 0.9248672940 0.0000000000 -0.3264239132 0.0000000000 0.0000000000 1.0000000000 0.0000000000
0.9248672940 0.3802900058 -0.0000000000 1.2983732224 -0.3802900058 0.9248672940 0.0000000000 -0.3264239132 0.0000000000 0.0000000000 1.0000000000 0.0000000000
0.9228765911 0.3850958290 -0.0000000000 1.3310061693 -0.3850958290 0.9228765911 0.0000000000 -0.3397973180 0.0000000000 0.0000000000 1.0000000000 0.0000000000
0.9228765911 0.3850958290 -0.0000000000 1.3310061693 -0.3850958290 0.9228765911 0.0000000000 -0.3397973180 0.0000000000 0.0000000000 1.0000000000 0.0000000000
0.9210441264 0.3894582356 -0.0000000000 1.3638225794 -0.3894582356 0.9210441264 0.0000000000 -0.3533989489 0.0000000000 0.0000000000 1.0000000000 0.0000000000
0.9210441264 0.3894582356 -0.0000000000 1.3638225794 -0.3894582356 0.9210441264 0.0000000000 -0.3533989489 0.0000000000 0.0000000000 1.0000000000 0.0000000000
0.9210441264 0.3894582356 -0.0000000000 1.3638225794 -0.3894582356 0.9210441264 0.0000000000 -0.3533989489 0.0000000000 0.0000000000 1.0000000000 0.0000000000
0.9192201448 0.3937439845 -0.0000000000 1.3968086243 -0.3937439845 0.9192201448 0.0000000000 -0.3672514856 0.0000000000 0.0000000000 1.0000000000 0.0000000000
0.9192201448 0.3937439845 -0.0000000000 1.3968086243 -0.3937439845 0.9192201448 0.0000000000 -0.3672514856 0.0000000000 0.0000000000 1.0000000000 0.0000000000
0.9174976449 0.3977412118 -0.0000000000 1.4299697876 -0.3977412118 0.9174976449 0.0000000000 -0.3813328445 0.0000000000 0.0000000000 1.0000000000 0.0000000000
0.9174976449 0.3977412118 -0.0000000000 1.4299697876 -0.3977412118 0.9174976449 0.0000000000 -0.3813328445 0.0000000000 0.0000000000 1.0000000000 0.0000000000
0.9174976449 0.3977412118 -0.0000000000 1.4299697876 -0.3977412118 0.9174976449 0.0000000000 -0.3813328445 0.0000000000 0.0000000000 1.0000000000 0.0000000000
0.9157384145 0.4017750069 -0.0000000000 1.4632929564 -0.4017750069 0.9157384145 0.0000000000 -0.3956647217 0.0000000000 0.0000000000 1.0000000000 0.0000000000
0.9157384145 0.4017750069 -0.0000000000 1.4632929564 -0.4017750069 0.9157384145 0.0000000000 -0.3956647217 0.0000000000 0.0000000000 1.0000000000 0.0000000000
0.9140490842 0.4056035893 -0.0000000000 1.4967839718 -0.4056035893 0.9140490842 0.0000000000 -0.4102245271 0.0000000000 0.0000000000 1.0000000000 0.0000000000
0.9140490842 0.4056035893 -0.0000000000 1.4967839718 -0.4056035893 0.9140490842 0.0000000000 -0.4102245271 0.0000000000 0.0000000000 1.0000000000 0.0000000000
0.9140490842 0.4056035893 -0.0000000000 1.4967839718 -0.4056035893 0.9140490842 0.0000000000 -0.4102245271 0.0000000000 0.0000000000 1.0000000000 0.0000000000
0.9122976673 0.4095277356 -0.0000000000 1.5304301977 -0.4095277356 0.9122976673 0.0000000000 -0.4250338376 0.0000000000 0.0000000000 1.0000000000 0.0000000000
0.9122976673 0.4095277356 -0.0000000000 1.5304301977 -0.4095277356 0.9122976673 0.0000000000 -0.4250338376 0.0000000000 0.0000000000 1.0000000000 0.0000000000
0.9105997714 0.4132893131 -0.0000000000 1.5642379522 -0.4132893131 0.9105997714 0.0000000000 -0.4400701821 0.0000000000 0.0000000000 1.0000000000 0.0000000000
0.9105997714 0.4132893131 -0.0000000000 1.5642379522 -0.4132893131 0.9105997714 0.0000000000 -0.4400701821 0.0000000000 0.0000000000 1.0000000000 0.0000000000
0.9105997714 0.4132893131 -0.0000000000 1.5642379522 -0.4132893131 0.9105997714 0.0000000000 -0.4400701821 0.0000000000 0.0000000000 1.0000000000 0.0000000000
0.9088251066 0.4171773312 -0.0000000000 1.5981942415 -0.4171773312 0.9088251066 0.0000000000 -0.4553553164 0.0000000000 0.0000000000 1.0000000000 0.0000000000
0.9088251066 0.4171773312 -0.0000000000 1.5981942415 -0.4171773312 0.9088251066 0.0000000000 -0.4553553164 0.0000000000 0.0000000000 1.0000000000 0.0000000000
0.9070956702 0.4209245123 -0.0000000000 1.6323059797 -0.4209245123 0.9070956702 0.0000000000 -0.4708670676 0.0000000000 0.0000000000 1.0000000000 0.0000000000
0.9070956702 0.4209245123 -0.0000000000 1.6323059797 -0.4209245123 0.9070956702 0.0000000000 -0.4708670676 0.0000000000 0.0000000000 1.0000000000 0.0000000000
0.9070956702 0.4209245123 -0.0000000000 1.6323059797 -0.4209245123 0.9070956702 0.0000000000 -0.4708670676 0.0000000000 0.0000000000 1.0000000000 0.0000000000
0.9052817209 0.4248117298 -0.0000000000 1.6665600538 -0.4248117298 0.9052817209 0.0000000000 -0.4866275489 0.0000000000 0.0000000000 1.0000000000 0.0000000000
0.9052817209 0.4248117298 -0.0000000000 1.6665600538 -0.4248117298 0.9052817209 0.0000000000 -0.4866275489 0.0000000000 0.0000000000 1.0000000000 0.0000000000
0.9035093638 0.4285683488 -0.0000000000 1.7009634972 -0.4285683488 0.9035093638 0.0000000000 -0.5026148558 0.0000000000 0.0000000000 1.0000000000 0.0000000000
0.9035093638 0.4285683488 -0.0000000000 1.7009634972 -0.4285683488 0.9035093638 0.0000000000 -0.5026148558 0.0000000000 0.0000000000 1.0000000000 0.0000000000
0.9035093638 0.4285683488 -0.0000000000 1.7009634972 -0.4285683488 0.9035093638 0.0000000000 -0.5026148558 0.0000000000 0.0000000000 1.0000000000 0.0000000000
0.9016478112 0.4324710680 -0.0000000000 1.7355029583 -0.4324710680 0.9016478112 0.0000000000 -0.5188514590 0.0000000000 0.0000000000 1.0000000000 0.0000000000
0.9016478112 0.4324710680 -0.0000000000 1.7355029583 -0.4324710680 0.9016478112 0.0000000000 -0.5188514590 0.0000000000 0.0000000000 1.0000000000 0.0000000000
0.8999509726 0.4359911087 -0.0000000000 1.7701961994 -0.4359911087 0.8999509726 0.0000000000 -0.5352942944 0.0000000000 0.0000000000 1.0000000000 0.0000000000
0.8999509726 0.4359911087 -0.0000000000 1.7701961994 -0.4359911087 0.8999509726 0.0000000000 -0.5352942944 0.0000000000 0.0000000000 1.0000000000 0.0000000000
0.8999509726 0.4359911087 -0.0000000000 1.7701961994 -0.4359911087 0.8999509726 0.0000000000 -0.5352942944 0.0000000000 0.0000000000 1.0000000000 0.0000000000
0.8986030644 0.4387625015 -0.0000000000 1.8050597906 -0.4387625015 0.8986030644 0.0000000000 -0.5519034863 0.0000000000 0.0000000000 1.0000000000 0.0000000000
0.8986030644 0.4387625015 -0.0000000000 1.8050597906 -0.4387625015 0.8986030644 0.0000000000 -0.5519034863 0.0000000000 0.0000000000 1.0000000000 0.0000000000
0.8974006806 0.4412165210 -0.0000000000 1.8400806189 -0.4412165210 0.8974006806 0.0000000000 -0.5687023997 0.0000000000 0.0000000000 1.0000000000 0.0000000000
0.8974006806 0.4412165210 -0.0000000000 1.8400806189 -0.4412165210 0.8974006806 0.0000000000 -0.5687023997 0.0000000000 0.0000000000 1.0000000000 0.0000000000
0.8974006806 0.4412165210 -0.0000000000 1.8400806189 -0.4412165210 0.8974006806 0.0000000000 -0.5687023997 0.0000000000 0.0000000000 1.0000000000 0.0000000000
0.8964241846 0.4431971133 -0.0000000000 1.8752671480 -0.4431971133 0.8964241846 0.0000000000 -0.5856687427 0.0000000000 0.0000000000 1.0000000000 0.0000000000
0.8964241846 0.4431971133 -0.0000000000 1.8752671480 -0.4431971133 0.8964241846 0.0000000000 -0.5856687427 0.0000000000 0.0000000000 1.0000000000 0.0000000000
0.8954963800 0.4450687962 -0.0000000000 1.9106078148 -0.4450687962 0.8954963800 0.0000000000 -0.6028228402 0.0000000000 0.0000000000 1.0000000000 0.0000000000
0.8954963800 0.4450687962 -0.0000000000 1.9106078148 -0.4450687962 0.8954963800 0.0000000000 -0.6028228402 0.0000000000 0.0000000000 1.0000000000 0.0000000000
0.8954963800 0.4450687962 -0.0000000000 1.9106078148 -0.4450687962 0.8954963800 0.0000000000 -0.6028228402 0.0000000000 0.0000000000 1.0000000000 0.0000000000
0.8947214665 0.4466245598 -0.0000000000 1.9461123943 -0.4466245598 0.8947214665 0.0000000000 -0.6201404929 0.0000000000 0.0000000000 1.0000000000 0.0000000000
0.8947214665 0.4466245598 -0.0000000000 1.9461123943 -0.4466245598 0.8947214665 0.0000000000 -0.6201404929 0.0000000000 0.0000000000 1.0000000000 0.0000000000
0.8939378661 0.4481909097 -0.0000000000 1.9817698002 -0.4481909097 0.8939378661 0.0000000000 -0.6376410723 0.0000000000 0.0000000000 1.0000000000 0.0000000000
0.8939378661 0.4481909097 -0.0000000000 1.9817698002 -0.4481909097 0.8939378661 0.0000000000 -0.6376410723 0.0000000000 0.0000000000 1.0000000000 0.0000000000
0.8939378661 0.4481909097 -0.0000000000 1.9817698002 -0.4481909097 0.8939378661 0.0000000000 -0.6376410723 0.0000000000 0.0000000000 1.0000000000 0.0000000000
0.8932645160 0.4495314276 -0.0000000000 2.0175902843 -0.4495314276 0.8932645160 0.0000000000 -0.6552999616 0.0000000000 0.0000000000 1.0000000000 0.0000000000
0.8932645160 0.4495314276 -0.0000000000 2.0175902843 -0.4495314276 0.8932645160 0.0000000000 -0.6552999616 0.0000000000 0.0000000000 1.0000000000 0.0000000000
0.8925498088 0.4509488206 -0.0000000000 2.0535631180 -0.4509488206 0.8925498088 0.0000000000 -0.6731364727 0.0000000000 0.0000000000 1.0000000000 0.0000000000
0.8925498088 0.4509488206 -0.0000000000 2.0535631180 -0.4509488206 0.8925498088 0.0000000000 -0.6731364727 0.0000000000 0.0000000000 1.0000000000 0.0000000000
0.8925498088 0.4509488206 -0.0000000000 2.0535631180 -0.4509488206 0.8925498088 0.0000000000 -0.6731364727 0.0000000000 0.0000000000 1.0000000000 0.0000000000
0.8919217056 0.4521898619 -0.0000000000 2.0896985531 -0.4521898619 0.8919217056 0.0000000000 -0.6911261678 0.0000000000 0.0000000000 1.0000000000 0.0000000000
0.8919217056 0.4521898619 -0.0000000000 2.0896985531 -0.4521898619 0.8919217056 0.0000000000 -0.6911261678 0.0000000000 0.0000000000 1.0000000000 0.0000000000
0.8912337083 0.4535443498 -0.0000000000 2.1259856224 -0.4535443498 0.8912337083 0.0000000000 -0.7092886567 0.0000000000 0.0000000000 1.0000000000 0.0000000000
0.8912337083 0.4535443498 -0.0000000000 2.1259856224 -0.4535443498 0.8912337083 0.0000000000 -0.7092886567 0.0000000000 0.0000000000 1.0000000000 0.0000000000
0.8912337083 0.4535443498 -0.0000000000 2.1259856224 -0.4535443498 0.8912337083 0.0000000000 -0.7092886567 0.0000000000 0.0000000000 1.0000000000 0.0000000000
0.8906197777 0.4547487345 -0.0000000000 2.1624345779 -0.4547487345 0.8906197777 0.0000000000 -0.7276000381 0.0000000000 0.0000000000 1.0000000000 0.0000000000
0.8906197777 0.4547487345 -0.0000000000 2.1624345779 -0.4547487345 0.8906197777 0.0000000000 -0.7276000381 0.0000000000 0.0000000000 1.0000000000 0.0000000000
0.8899359414 0.4560855405 -0.0000000000 2.1990344524 -0.4560855405 0.8899359414 0.0000000000 -0.7460804582 0.0000000000 0.0000000000 1.0000000000 0.0000000000
0.8899359414 0.4560855405 -0.0000000000 2.1990344524 -0.4560855405 0.8899359414 0.0000000000 -0.7460804582 0.0000000000 0.0000000000 1.0000000000 0.0000000000
0.8899359414 0.4560855405 -0.0000000000 2.1990344524 -0.4560855405 0.8899359414 0.0000000000 -0.7460804582 0.0000000000 0.0000000000 1.0000000000 0.0000000000
0.8894511150 0.4570303207 -0.0000000000 2.2358064651 -0.4570303207 0.8894511150 0.0000000000 -0.7646850944 0.0000000000 0.0000000000 1.0000000000 0.0000000000
0.8894511150 0.4570303207 -0.0000000000 2.2358064651 -0.4570303207 0.8894511150 0.0000000000 -0.7646850944 0.0000000000 0.0000000000 1.0000000000 0.0000000000
0.8893589129 0.4572097156 -0.0000000000 2.2727706432 -0.4572097156 0.8893589129 0.0000000000 -0.7833720446 0.0000000000 0.0000000000 1.0000000000 0.0000000000
0.8893589129 0.4572097156 -0.0000000000 2.2727706432 -0.4572097156 0.8893589129 0.0000000000 -0.7833720446 0.0000000000 0.0000000000 1.0000000000 0.0000000000
0.8893589129 0.4572097156 -0.0000000000 2.2727706432 -0.4572097156 0.8893589129 0.0000000000 -0.7833720446 0.0000000000 0.0000000000 1.0000000000 0.0000000000
0.8894419618 0.4570481338 -0.0000000000 2.3099155426 -0.4570481338 0.8894419618 0.0000000000 -0.8021621108 0.0000000000 0.0000000000 1.0000000000 0.0000000000
0.8894419618 0.4570481338 -0.0000000000 2.3099155426 -0.4570481338 0.8894419618 0.0000000000 -0.8021621108 0.0000000000 0.0000000000 1.0000000000 0.0000000000
0.8897808277 0.4563880789 -0.0000000000 2.3472526073 -0.4563880789 0.8897808277 0.0000000000 -0.8210308552 0.0000000000 0.0000000000 1.0000000000 0.0000000000
0.8897808277 0.4563880789 -0.0000000000 2.3472526073 -0.4563880789 0.8897808277 0.0000000000 -0.8210308552 0.0000000000 0.0000000000 1.0000000000 0.0000000000
0.8897808277 0.4563880789 -0.0000000000 2.3472526073 -0.4563880789 0.8897808277 0.0000000000 -0.8210308552 0.0000000000 0.0000000000 1.0000000000 0.0000000000
0.8901876458 0.4555940685 -0.0000000000 2.3847718239 -0.4555940685 0.8901876458 0.0000000000 -0.8399962783 0.0000000000 0.0000000000 1.0000000000 0.0000000000
0.8901876458 0.4555940685 -0.0000000000 2.3847718239 -0.4555940685 0.8901876458 0.0000000000 -0.8399962783 0.0000000000 0.0000000000 1.0000000000 0.0000000000
0.8907665327 0.4544612020 -0.0000000000 2.4224858284 -0.4544612020 0.8907665327 0.0000000000 -0.8590318561 0.0000000000 0.0000000000 1.0000000000 0.0000000000
0.8907665327 0.4544612020 -0.0000000000 2.4224858284 -0.4544612020 0.8907665327 0.0000000000 -0.8590318561 0.0000000000 0.0000000000 1.0000000000 0.0000000000
0.8907665327 0.4544612020 -0.0000000000 2.4224858284 -0.4544612020 0.8907665327 0.0000000000 -0.8590318561 0.0000000000 0.0000000000 1.0000000000 0.0000000000
0.8913485174 0.4533186744 -0.0000000000 2.4603848457 -0.4533186744 0.8913485174 0.0000000000 -0.8781546950 0.0000000000 0.0000000000 1.0000000000 0.0000000000
0.8913485174 0.4533186744 -0.0000000000 2.4603848457 -0.4533186744 0.8913485174 0.0000000000 -0.8781546950 0.0000000000 0.0000000000 1.0000000000 0.0000000000
0.8920525501 0.4519316850 -0.0000000000 2.4984819889 -0.4519316850 0.8920525501 0.0000000000 -0.8973379731 0.0000000000 0.0000000000 1.0000000000 0.0000000000
0.8920525501 0.4519316850 -0.0000000000 2.4984819889 -0.4519316850 0.8920525501 0.0000000000 -0.8973379731 0.0000000000 0.0000000000 1.0000000000 0.0000000000
0.8920525501 0.4519316850 -0.0000000000 2.4984819889 -0.4519316850 0.8920525501 0.0000000000 -0.8973379731 0.0000000000 0.0000000000 1.0000000000 0.0000000000
0.8927224118 0.4506070300 -0.0000000000 2.5367677212 -0.4506070300 0.8927224118 0.0000000000 -0.9165987372 0.0000000000 0.0000000000 1.0000000000 0.0000000000
0.8927224118 0.4506070300 -0.0000000000 2.5367677212 -0.4506070300 0.8927224118 0.0000000000 -0.9165987372 0.0000000000 0.0000000000 1.0000000000 0.0000000000
0.8934856205 0.4490918014 -0.0000000000 2.5752546787 -0.4490918014 0.8934856205 0.0000000000 -0.9359104633 0.0000000000 0.0000000000 1.0000000000 0.0000000000
0.8934856205 0.4490918014 -0.0000000000 2.5752546787 -0.4490918014 0.8934856205 0.0000000000 -0.9359104633 0.0000000000 0.0000000000 1.0000000000 0.0000000000
0.8934856205 0.4490918014 -0.0000000000 2.5752546787 -0.4490918014 0.8934856205 0.0000000000 -0.9359104633 0.0000000000 0.0000000000 1.0000000000 0.0000000000
